-0.635040 0.691045 0.299595 -0.050269 -0.101743 -0.044110 
-0.635090 0.690943 0.299551 0.033777 -0.193201 -0.083760 
-0.635056 0.690750 0.299467 0.117819 -0.284634 -0.123400 
-0.634938 0.690465 0.299344 0.201881 -0.376069 -0.163041 
-0.634736 0.690089 0.299181 0.285991 -0.467534 -0.202694 
-0.634450 0.689621 0.298978 0.370172 -0.559056 -0.242373 
-0.634080 0.689062 0.298736 0.454452 -0.650664 -0.282089 
-0.633626 0.688412 0.298454 0.538854 -0.742386 -0.321854 
-0.633087 0.687669 0.298132 0.623407 -0.834249 -0.361680 
-0.632464 0.686835 0.297770 0.708134 -0.926282 -0.401580 
-0.631755 0.685909 0.297369 0.793064 -1.018513 -0.441566 
-0.630962 0.684890 0.296927 0.878223 -1.110971 -0.481650 
-0.630084 0.683779 0.296446 0.963637 -1.203685 -0.521845 
-0.629120 0.682576 0.295924 1.049334 -1.296685 -0.562165 
-0.628071 0.681279 0.295362 1.135342 -1.390001 -0.602621 
-0.626936 0.679889 0.294759 1.221689 -1.483663 -0.643227 
-0.625714 0.678405 0.294116 1.308404 -1.577703 -0.683997 
-0.624406 0.676828 0.293432 1.395517 -1.672151 -0.724944 
-0.623010 0.675156 0.292707 1.483056 -1.767040 -0.766082 
-0.621527 0.673389 0.291941 1.571054 -1.862404 -0.807426 
-0.619956 0.671526 0.291133 1.659542 -1.958275 -0.848990 
-0.618297 0.669568 0.290284 1.748552 -2.054688 -0.890789 
-0.616548 0.667513 0.289393 1.838116 -2.151680 -0.932839 
-0.614710 0.665362 0.288461 1.928270 -2.249286 -0.975155 
-0.612782 0.663112 0.287485 2.019048 -2.347544 -1.017754 
-0.610763 0.660765 0.286468 2.110486 -2.446492 -1.060652 
-0.608652 0.658318 0.285407 2.202622 -2.546171 -1.103866 
-0.606449 0.655772 0.284303 2.295494 -2.646621 -1.147416 
-0.604154 0.653125 0.283156 2.389142 -2.747886 -1.191318 
-0.601765 0.650378 0.281964 2.483608 -2.850009 -1.235592 
-0.599281 0.647528 0.280729 2.578935 -2.953037 -1.280259 
-0.596702 0.644574 0.279449 2.675167 -3.057016 -1.325338 
-0.594027 0.641517 0.278123 2.772350 -3.161996 -1.370851 
-0.591255 0.638355 0.276752 2.870534 -3.268029 -1.416821 
-0.588384 0.635087 0.275336 2.969768 -3.375168 -1.463270 
-0.585414 0.631712 0.273872 3.070105 -3.483469 -1.510223 
-0.582344 0.628229 0.272362 3.171600 -3.592991 -1.557705 
-0.579173 0.624636 0.270804 3.274310 -3.703795 -1.605743 
-0.575898 0.620932 0.269199 3.378297 -3.815944 -1.654364 
-0.572520 0.617116 0.267544 3.483623 -3.929507 -1.703598 
-0.569036 0.613187 0.265841 3.590355 -4.044553 -1.753475 
-0.565446 0.609142 0.264087 3.698564 -4.161157 -1.804027 
-0.561748 0.604981 0.262283 3.808321 -4.279397 -1.855289 
-0.557939 0.600702 0.260428 3.919707 -4.399355 -1.907295 
-0.554020 0.596302 0.258521 4.032802 -4.521118 -1.960084 
-0.549987 0.591781 0.256561 4.147694 -4.644779 -2.013696 
-0.545839 0.587136 0.254547 4.264475 -4.770434 -2.068173 
-0.541575 0.582366 0.252479 4.383242 -4.898187 -2.123559 
-0.537191 0.577468 0.250355 4.504099 -5.028147 -2.179901 
-0.532687 0.572440 0.248175 4.627157 -5.160431 -2.237252 
-0.528060 0.567279 0.245938 4.752533 -5.295163 -2.295663 
-0.523308 0.561984 0.243642 4.880352 -5.432476 -2.355194 
-0.518427 0.556551 0.241287 5.010749 -5.572510 -2.415904 
-0.513416 0.550979 0.238871 5.143867 -5.715417 -2.477860 
-0.508273 0.545264 0.236393 5.279861 -5.861361 -2.541133 
-0.502993 0.539402 0.233852 5.418896 -6.010514 -2.605797 
-0.497574 0.533392 0.231246 5.561149 -6.163064 -2.671933 
-0.492013 0.527229 0.228574 5.706814 -6.319215 -2.739631 
-0.486306 0.520909 0.225835 5.856098 -6.479184 -2.808984 
-0.480450 0.514430 0.223026 6.009225 -6.643207 -2.880094 
-0.474441 0.507787 0.220146 6.166441 -6.811542 -2.953074 
-0.468274 0.500975 0.217193 6.328010 -6.984467 -3.028044 
-0.461946 0.493991 0.214165 6.494223 -7.162287 -3.105136 
-0.455452 0.486829 0.211059 6.665395 -7.345334 -3.184494 
-0.448786 0.479483 0.207875 6.841875 -7.533971 -3.266276 
-0.441945 0.471949 0.204609 7.024044 -7.728601 -3.350656 
-0.434921 0.464221 0.201258 7.212323 -7.929662 -3.437824 
-0.427708 0.456291 0.197820 7.407178 -8.137644 -3.527992 
-0.420301 0.448153 0.194292 7.609125 -8.353086 -3.621395 
-0.412692 0.439800 0.190671 7.818740 -8.576592 -3.718294 
-0.404873 0.431224 0.186953 8.036667 -8.808834 -3.818980 
-0.396836 0.422415 0.183134 8.263628 -9.050567 -3.923781 
-0.388573 0.413364 0.179210 8.500438 -9.302640 -4.033065 
-0.380072 0.404062 0.175177 8.748019 -9.566017 -4.147249 
-0.371324 0.394496 0.171029 9.007422 -9.841793 -4.266809 
-0.362317 0.384654 0.166763 9.279851 -10.131221 -4.392288 
-0.353037 0.374523 0.162370 9.566689 -10.435742 -4.524310 
-0.343470 0.364087 0.157846 9.869541 -10.757026 -4.663599 
-0.333601 0.353330 0.153182 10.190281 -11.097018 -4.810999 
-0.323411 0.342233 0.148371 10.531112 -11.458006 -4.967501 
-0.312880 0.330775 0.143404 10.894647 -11.842699 -5.134281 
-0.301985 0.318932 0.138270 11.284016 -12.254338 -5.312743 
-0.290701 0.306678 0.132957 11.703006 -12.696841 -5.504585 
-0.278998 0.293981 0.127452 12.156253 -13.174998 -5.711885 
-0.266842 0.280806 0.121741 12.649509 -13.694745 -5.937216 
-0.254192 0.267111 0.115803 13.190024 -14.263546 -6.183814 
-0.241002 0.252848 0.109619 13.787086 -14.890953 -6.455820 
-0.227215 0.237957 0.103164 14.452847 -15.589437 -6.758640 
-0.212762 0.222367 0.096405 15.203580 -16.375662 -7.099500 
-0.197559 0.205992 0.089306 16.061705 -17.272528 -7.488327 
-0.181497 0.188719 0.081817 17.059183 -18.312586 -7.939233 
-0.164438 0.170407 0.073878 18.243544 -19.544075 -8.473132 
-0.146194 0.150863 0.065405 19.689348 -21.042362 -9.122698 
-0.126505 0.129820 0.056282 21.522079 -22.933619 -9.942632 
-0.104983 0.106887 0.046339 23.974169 -25.449972 -11.033569 
-0.081008 0.081437 0.035306 27.540617 -29.081099 -12.607804 
-0.053468 0.052355 0.022698 33.539059 -35.111240 -15.222104 
-0.019929 0.017244 0.007476 47.324234 -48.609615 -21.074169 
0.027395 -0.031365 -0.013598 146.619904 -134.529358 -58.323521 
0.174015 -0.165895 -0.071922 94.090240 -74.387482 -32.249580 
0.268106 -0.240282 -0.104171 92.796974 -73.154564 -31.715063 
0.360903 -0.313437 -0.135886 92.255402 -72.669197 -31.504639 
0.453158 -0.386106 -0.167391 91.958832 -72.411629 -31.392975 
0.545117 -0.458518 -0.198784 91.772491 -72.252861 -31.324144 
0.636889 -0.530770 -0.230108 91.645149 -72.145744 -31.277706 
0.728534 -0.602916 -0.261386 91.553047 -72.068993 -31.244431 
0.820087 -0.674985 -0.292630 91.483665 -72.011574 -31.219538 
0.911571 -0.746997 -0.323850 91.429779 -71.967224 -31.200310 
1.003001 -0.818964 -0.355050 91.386925 -71.932106 -31.185085 
1.094388 -0.890896 -0.386235 91.352188 -71.903748 -31.172791 
1.185740 -0.962800 -0.417408 91.323601 -71.880478 -31.162703 
1.277064 -1.034680 -0.448571 91.299774 -71.861130 -31.154314 
1.368363 -1.106542 -0.479725 91.279701 -71.844864 -31.147263 
1.459643 -1.178386 -0.510872 91.262634 -71.831062 -31.141279 
1.550906 -1.250218 -0.542014 91.248009 -71.819252 -31.136160 
1.642154 -1.322037 -0.573150 91.235390 -71.809082 -31.131750 
1.733389 -1.393846 -0.604281 91.224442 -71.800270 -31.127930 
1.824614 -1.465646 -0.635409 91.214890 -71.792587 -31.124599 
1.915829 -1.537439 -0.666534 91.206520 -71.785866 -31.121685 
2.007035 -1.609225 -0.697656 91.199150 -71.779953 -31.119122 
2.098234 -1.681005 -0.728775 91.192642 -71.774734 -31.116859 
2.189427 -1.752779 -0.759892 91.186874 -71.770111 -31.114855 
2.280614 -1.824549 -0.791006 91.181747 -71.766006 -31.113073 
2.371796 -1.896315 -0.822120 91.177170 -71.762344 -31.111486 
2.462973 -1.968078 -0.853231 91.173080 -71.759071 -31.110069 
2.554146 -2.039837 -0.884341 91.169411 -71.756142 -31.108799 
2.645315 -2.111593 -0.915450 91.166115 -71.753510 -31.107658 
2.736481 -2.183346 -0.946558 91.163147 -71.751144 -31.106632 
2.827645 -2.255097 -0.977664 91.160469 -71.749008 -31.105707 
2.918805 -2.326846 -1.008770 91.158051 -71.747078 -31.104870 
3.009963 -2.398593 -1.039875 91.155861 -71.745331 -31.104113 
3.101119 -2.470339 -1.070979 91.153877 -71.743744 -31.103426 
3.192273 -2.542083 -1.102082 91.152069 -71.742302 -31.102802 
3.283425 -2.613825 -1.133185 91.150429 -71.740990 -31.102236 
3.374575 -2.685566 -1.164287 91.148933 -71.739799 -31.101719 
3.465724 -2.757306 -1.195389 91.147568 -71.738708 -31.101248 
3.556872 -2.829045 -1.226490 91.146317 -71.737717 -31.100817 
3.648018 -2.900782 -1.257591 91.145172 -71.736809 -31.100422 
3.739163 -2.972519 -1.288691 91.144127 -71.735977 -31.100061 
3.830307 -3.044255 -1.319791 91.143166 -71.735214 -31.099730 
3.921451 -3.115990 -1.350891 91.142281 -71.734512 -31.099424 
4.012593 -3.187725 -1.381991 91.141472 -71.733864 -31.099144 
4.103734 -3.259459 -1.413090 91.140724 -71.733269 -31.098886 
4.194875 -3.331192 -1.444189 91.140038 -71.732719 -31.098650 
4.286016 -3.402925 -1.475287 91.139404 -71.732216 -31.098431 
4.377155 -3.474657 -1.506386 91.138817 -71.731750 -31.098228 
4.468294 -3.546389 -1.537484 91.138275 -71.731316 -31.098042 
4.559432 -3.618120 -1.568582 91.137772 -71.730919 -31.097868 
4.650570 -3.689851 -1.599680 91.137306 -71.730553 -31.097708 
4.741707 -3.761582 -1.630778 91.136871 -71.730209 -31.097559 
4.832844 -3.833312 -1.661875 91.136467 -71.729889 -31.097422 
4.923981 -3.905042 -1.692973 91.136093 -71.729591 -31.097294 
5.015117 -3.976771 -1.724070 91.135750 -71.729317 -31.097176 
5.106253 -4.048501 -1.755167 91.135429 -71.729057 -31.097065 
5.197388 -4.120230 -1.786264 91.135132 -71.728821 -31.096962 
5.288523 -4.191958 -1.817361 91.134850 -71.728600 -31.096867 
5.379658 -4.263687 -1.848458 91.134590 -71.728394 -31.096777 
5.470793 -4.335415 -1.879555 91.134346 -71.728203 -31.096693 
5.561927 -4.407144 -1.910651 91.134117 -71.728020 -31.096615 
5.653061 -4.478872 -1.941748 91.133904 -71.727852 -31.096542 
5.744195 -4.550600 -1.972844 91.133705 -71.727692 -31.096474 
5.835329 -4.622327 -2.003941 91.133514 -71.727547 -31.096409 
5.926463 -4.694055 -2.035038 91.133339 -71.727409 -31.096348 
6.017596 -4.765782 -2.066134 91.133171 -71.727280 -31.096291 
6.108729 -4.837510 -2.097230 91.133018 -71.727158 -31.096237 
6.199862 -4.909237 -2.128326 91.132874 -71.727043 -31.096188 
6.290995 -4.980964 -2.159423 91.132736 -71.726936 -31.096140 
6.382127 -5.052691 -2.190519 91.132607 -71.726837 -31.096096 
6.473260 -5.124418 -2.221615 91.132484 -71.726738 -31.096054 
6.564393 -5.196145 -2.252711 91.132370 -71.726646 -31.096016 
6.655525 -5.267871 -2.283807 91.132263 -71.726562 -31.095980 
6.746657 -5.339598 -2.314903 91.132164 -71.726486 -31.095945 
6.837789 -5.411325 -2.345999 91.132072 -71.726410 -31.095913 
6.928921 -5.483051 -2.377095 91.131981 -71.726341 -31.095882 
7.020053 -5.554777 -2.408191 91.131897 -71.726273 -31.095854 
7.111185 -5.626503 -2.439286 91.131813 -71.726212 -31.095827 
7.202317 -5.698230 -2.470382 91.131737 -71.726151 -31.095800 
7.293448 -5.769956 -2.501478 91.131668 -71.726097 -31.095776 
7.384580 -5.841682 -2.532574 91.131599 -71.726044 -31.095753 
7.475712 -5.913408 -2.563669 91.131538 -71.725990 -31.095730 
7.566844 -5.985134 -2.594765 91.131477 -71.725945 -31.095709 
7.657975 -6.056860 -2.625861 91.131416 -71.725899 -31.095690 
7.749106 -6.128586 -2.656957 91.131363 -71.725853 -31.095671 
7.840238 -6.200312 -2.688052 91.131310 -71.725815 -31.095654 
7.931369 -6.272038 -2.719148 91.131264 -71.725777 -31.095636 
8.022500 -6.343763 -2.750244 91.131218 -71.725739 -31.095621 
8.113631 -6.415489 -2.781339 91.131172 -71.725700 -31.095606 
8.204762 -6.487215 -2.812435 91.131126 -71.725670 -31.095591 
8.295894 -6.558941 -2.843530 91.131088 -71.725639 -31.095577 
8.387025 -6.630667 -2.874626 91.131050 -71.725609 -31.095564 
8.478156 -6.702393 -2.905721 91.131012 -71.725578 -31.095551 
8.569287 -6.774118 -2.936817 91.130974 -71.725548 -31.095539 
8.660419 -6.845843 -2.967912 91.130943 -71.725525 -31.095528 
8.751550 -6.917569 -2.999008 91.130913 -71.725502 -31.095516 
8.842681 -6.989294 -3.030103 91.130882 -71.725479 -31.095507 
8.933812 -7.061019 -3.061199 91.130852 -71.725456 -31.095497 
9.024943 -7.132745 -3.092294 91.130821 -71.725433 -31.095488 
9.116075 -7.204470 -3.123390 91.130798 -71.725410 -31.095478 
9.207206 -7.276196 -3.154485 91.130775 -71.725388 -31.095469 
9.298337 -7.347921 -3.185581 91.130753 -71.725372 -31.095461 
9.389468 -7.419646 -3.216676 91.130730 -71.725357 -31.095453 
9.480598 -7.491372 -3.247772 91.130707 -71.725342 -31.095446 
9.571729 -7.563097 -3.278867 91.130684 -71.725327 -31.095438 
9.662859 -7.634822 -3.309963 91.130661 -71.725311 -31.095430 
9.753989 -7.706548 -3.341058 91.130638 -71.725296 -31.095425 
9.845119 -7.778273 -3.372154 91.130623 -71.725281 -31.095419 
9.936250 -7.849998 -3.403250 91.130608 -71.725266 -31.095413 
10.027380 -7.921724 -3.434345 91.130592 -71.725250 -31.095407 
10.118510 -7.993449 -3.465441 91.130577 -71.725235 -31.095402 
10.209641 -8.065174 -3.496536 91.130562 -71.725220 -31.095396 
10.300771 -8.136899 -3.527632 91.130547 -71.725204 -31.095390 
10.391901 -8.208624 -3.558727 91.130531 -71.725197 -31.095385 
10.483031 -8.280349 -3.589822 91.130516 -71.725189 -31.095381 
10.574162 -8.352074 -3.620918 91.130501 -71.725182 -31.095377 
10.665292 -8.423799 -3.652013 91.130486 -71.725174 -31.095373 
10.756422 -8.495523 -3.683108 91.130470 -71.725166 -31.095369 
10.847552 -8.567248 -3.714203 91.130455 -71.725159 -31.095366 
10.938683 -8.638973 -3.745299 91.130447 -71.725151 -31.095362 
11.029813 -8.710698 -3.776394 91.130440 -71.725143 -31.095358 
11.120943 -8.782423 -3.807489 91.130432 -71.725136 -31.095354 
11.212073 -8.854148 -3.838584 91.130424 -71.725128 -31.095350 
11.303204 -8.925873 -3.869680 91.130417 -71.725121 -31.095346 
11.394334 -8.997598 -3.900775 91.130409 -71.725113 -31.095343 
11.485464 -9.069323 -3.931870 91.130402 -71.725105 -31.095339 
11.576594 -9.141047 -3.962965 91.130394 -71.725098 -31.095335 
11.667725 -9.212772 -3.994061 91.130386 -71.725090 -31.095333 
11.758855 -9.284497 -4.025156 91.130379 -71.725082 -31.095331 
11.849985 -9.356222 -4.056252 91.130371 -71.725075 -31.095329 
11.941115 -9.427947 -4.087347 91.130363 -71.725067 -31.095327 
12.032246 -9.499672 -4.118443 91.130356 -71.725060 -31.095325 
12.123376 -9.571397 -4.149538 91.130348 -71.725052 -31.095324 
12.214506 -9.643122 -4.180634 91.130341 -71.725044 -31.095322 
12.305636 -9.714847 -4.211729 91.130333 -71.725037 -31.095320 
12.396767 -9.786572 -4.242825 91.130325 -71.725029 -31.095318 
12.487897 -9.858296 -4.273920 91.130318 -71.725021 -31.095316 
12.579027 -9.930021 -4.305016 91.130310 -71.725014 -31.095314 
12.670157 -10.001746 -4.336111 91.130302 -71.725006 -31.095312 
12.761288 -10.073471 -4.367207 91.130295 -71.724998 -31.095310 
12.852418 -10.145196 -4.398302 91.130287 -71.724991 -31.095308 
12.943548 -10.216921 -4.429398 91.130280 -71.724983 -31.095306 
13.034678 -10.288646 -4.460493 91.130272 -71.724976 -31.095304 
13.125809 -10.360371 -4.491589 91.130264 -71.724976 -31.095303 
13.216939 -10.432096 -4.522684 91.130257 -71.724976 -31.095301 
13.308069 -10.503820 -4.553780 91.130249 -71.724976 -31.095299 
13.399199 -10.575545 -4.584875 91.130241 -71.724976 -31.095297 
13.490330 -10.647270 -4.615971 91.130234 -71.724976 -31.095295 
13.581460 -10.718995 -4.647066 91.130226 -71.724976 -31.095293 
13.672590 -10.790720 -4.678162 91.130219 -71.724976 -31.095291 
13.763721 -10.862445 -4.709257 91.130219 -71.724976 -31.095289 
13.854851 -10.934170 -4.740353 91.130219 -71.724976 -31.095287 
13.945981 -11.005895 -4.771448 91.130219 -71.724976 -31.095285 
14.037111 -11.077620 -4.802544 91.130219 -71.724976 -31.095284 
14.128242 -11.149344 -4.833639 91.130219 -71.724976 -31.095282 
14.219372 -11.221069 -4.864735 91.130219 -71.724976 -31.095280 
14.310502 -11.292794 -4.895830 91.130219 -71.724976 -31.095278 
14.401632 -11.364519 -4.926926 91.130219 -71.724976 -31.095276 
14.492763 -11.436244 -4.958021 91.130219 -71.724976 -31.095274 
14.583893 -11.507969 -4.989117 91.130219 -71.724976 -31.095272 
14.675023 -11.579694 -5.020212 91.130219 -71.724976 -31.095272 
14.766153 -11.651419 -5.051308 91.130219 -71.724976 -31.095272 
14.857284 -11.723144 -5.082403 91.130219 -71.724976 -31.095272 
14.948414 -11.794868 -5.113499 91.130219 -71.724976 -31.095272 
15.039544 -11.866593 -5.144594 91.130219 -71.724976 -31.095272 
15.130674 -11.938318 -5.175690 91.130219 -71.724976 -31.095272 
15.221805 -12.010043 -5.206785 91.130219 -71.724976 -31.095272 
15.312935 -12.081768 -5.237881 91.130219 -71.724976 -31.095272 
15.404065 -12.153493 -5.268976 91.130219 -71.724976 -31.095272 
15.495195 -12.225218 -5.300072 91.130219 -71.724976 -31.095272 
15.586326 -12.296943 -5.331167 91.130219 -71.724976 -31.095272 
15.677456 -12.368668 -5.362263 91.130219 -71.724976 -31.095272 
15.768586 -12.440392 -5.393358 91.130219 -71.724976 -31.095272 
15.859716 -12.512117 -5.424454 91.130219 -71.724976 -31.095272 
15.950847 -12.583842 -5.455549 91.130219 -71.724976 -31.095272 
16.041977 -12.655567 -5.486645 91.130219 -71.724976 -31.095272 
16.133106 -12.727292 -5.517740 91.130219 -71.724976 -31.095272 
16.224236 -12.799017 -5.548836 91.130219 -71.724976 -31.095272 
16.315365 -12.870742 -5.579931 91.130219 -71.724976 -31.095272 
16.406494 -12.942467 -5.611027 91.130219 -71.724976 -31.095272 
16.497623 -13.014192 -5.642122 91.130219 -71.724976 -31.095272 
16.588753 -13.085917 -5.673218 91.130219 -71.724976 -31.095272 
16.679882 -13.157641 -5.704313 91.130219 -71.724976 -31.095272 
16.771011 -13.229366 -5.735409 91.130219 -71.724976 -31.095272 
16.862141 -13.301091 -5.766504 91.130219 -71.724976 -31.095272 
16.953270 -13.372816 -5.797600 91.130219 -71.724976 -31.095272 
17.044399 -13.444541 -5.828695 91.130219 -71.724976 -31.095272 
17.135529 -13.516266 -5.859791 91.130219 -71.724976 -31.095272 
17.226658 -13.587991 -5.890886 91.130219 -71.724976 -31.095272 
17.317787 -13.659716 -5.921982 91.130219 -71.724976 -31.095272 
17.408916 -13.731441 -5.953077 91.130219 -71.724976 -31.095272 
17.500046 -13.803165 -5.984173 91.130219 -71.724976 -31.095272 
17.591175 -13.874890 -6.015268 91.130219 -71.724976 -31.095272 
17.682304 -13.946615 -6.046364 91.130219 -71.724976 -31.095272 
17.773434 -14.018340 -6.077459 91.130219 -71.724976 -31.095272 
17.864563 -14.090065 -6.108555 91.130219 -71.724976 -31.095272 
17.955692 -14.161790 -6.139650 91.130219 -71.724976 -31.095272 
18.046822 -14.233515 -6.170746 91.130219 -71.724976 -31.095272 
18.137951 -14.305240 -6.201841 91.130219 -71.724976 -31.095272 
18.229080 -14.376965 -6.232937 91.130219 -71.724976 -31.095272 
18.320210 -14.448689 -6.264032 91.130219 -71.724976 -31.095272 
18.411339 -14.520414 -6.295128 91.130219 -71.724976 -31.095272 
18.502468 -14.592139 -6.326223 91.130219 -71.724976 -31.095272 
18.593597 -14.663864 -6.357319 91.130219 -71.724976 -31.095272 
18.684727 -14.735589 -6.388414 91.130219 -71.724976 -31.095272 
18.775856 -14.807314 -6.419510 91.130219 -71.724976 -31.095272 
18.866985 -14.879039 -6.450605 91.130219 -71.724976 -31.095272 
18.958115 -14.950764 -6.481701 91.130219 -71.724976 -31.095272 
19.049244 -15.022489 -6.512796 91.130219 -71.724976 -31.095272 
19.140373 -15.094213 -6.543892 91.130219 -71.724976 -31.095272 
19.231503 -15.165938 -6.574987 91.130219 -71.724976 -31.095272 
19.322632 -15.237663 -6.606083 91.130219 -71.724976 -31.095272 
19.413761 -15.309388 -6.637178 91.130219 -71.724976 -31.095272 
19.504890 -15.381113 -6.668274 91.130219 -71.724976 -31.095272 
19.596020 -15.452838 -6.699369 91.130219 -71.724976 -31.095272 
19.687149 -15.524563 -6.730465 91.130219 -71.724976 -31.095272 
19.778278 -15.596288 -6.761560 91.130219 -71.724976 -31.095272 
19.869408 -15.668013 -6.792656 91.130219 -71.724976 -31.095272 
19.960537 -15.739738 -6.823751 91.130219 -71.724976 -31.095272 
20.051666 -15.811462 -6.854847 91.130219 -71.724976 -31.095272 
20.142796 -15.883187 -6.885942 91.130219 -71.724976 -31.095272 
20.233925 -15.954912 -6.917038 91.130219 -71.724976 -31.095272 
20.325054 -16.026638 -6.948133 91.130219 -71.724976 -31.095272 
20.416183 -16.098364 -6.979229 91.130219 -71.724976 -31.095272 
20.507313 -16.170090 -7.010324 91.130219 -71.724976 -31.095272 
20.598442 -16.241816 -7.041420 91.130219 -71.724976 -31.095272 
20.689571 -16.313541 -7.072515 91.130219 -71.724976 -31.095272 
20.780701 -16.385267 -7.103611 91.130219 -71.724976 -31.095272 
20.871830 -16.456993 -7.134706 91.130219 -71.724976 -31.095272 
20.962959 -16.528719 -7.165802 91.130219 -71.724976 -31.095272 
21.054089 -16.600445 -7.196898 91.130219 -71.724976 -31.095272 
21.145218 -16.672171 -7.227993 91.130219 -71.724976 -31.095272 
21.236347 -16.743896 -7.259089 91.130219 -71.724976 -31.095272 
21.327477 -16.815622 -7.290184 91.130219 -71.724976 -31.095272 
21.418606 -16.887348 -7.321280 91.130219 -71.724976 -31.095272 
21.509735 -16.959074 -7.352375 91.130219 -71.724976 -31.095272 
21.600864 -17.030800 -7.383471 91.130219 -71.724976 -31.095272 
21.691994 -17.102526 -7.414566 91.130219 -71.724976 -31.095272 
21.783123 -17.174252 -7.445662 91.130219 -71.724976 -31.095272 
21.874252 -17.245977 -7.476757 91.130219 -71.724976 -31.095272 
21.965382 -17.317703 -7.507853 91.130219 -71.724976 -31.095272 
22.056511 -17.389429 -7.538948 91.130219 -71.724976 -31.095272 
22.147640 -17.461155 -7.570044 91.130219 -71.724976 -31.095272 
22.238770 -17.532881 -7.601139 91.130219 -71.724976 -31.095272 
22.329899 -17.604607 -7.632235 91.130219 -71.724976 -31.095272 
22.421028 -17.676332 -7.663330 91.130219 -71.724976 -31.095272 
22.512157 -17.748058 -7.694426 91.130219 -71.724976 -31.095272 
22.603287 -17.819784 -7.725521 91.130219 -71.724976 -31.095272 
22.694416 -17.891510 -7.756617 91.130219 -71.724976 -31.095272 
22.785545 -17.963236 -7.787712 91.130219 -71.724976 -31.095272 
22.876675 -18.034962 -7.818808 91.130219 -71.724976 -31.095272 
22.967804 -18.106688 -7.849903 91.130219 -71.724976 -31.095272 
23.058933 -18.178413 -7.880999 91.130219 -71.724976 -31.095272 
23.150063 -18.250139 -7.912094 91.130219 -71.724976 -31.095272 
23.241192 -18.321865 -7.943190 91.130219 -71.724976 -31.095272 
23.332321 -18.393591 -7.974285 91.130219 -71.724976 -31.095272 
23.423450 -18.465317 -8.005381 91.130219 -71.724976 -31.095272 
23.514580 -18.537043 -8.036476 91.130219 -71.724976 -31.095272 
23.605709 -18.608768 -8.067572 91.130219 -71.724976 -31.095272 
23.696838 -18.680494 -8.098667 91.130219 -71.724976 -31.095272 
23.787968 -18.752220 -8.129763 91.130219 -71.724976 -31.095272 
23.879097 -18.823946 -8.160858 91.130219 -71.724976 -31.095272 
23.970226 -18.895672 -8.191954 91.130219 -71.724976 -31.095272 
24.061356 -18.967398 -8.223049 91.130219 -71.724976 -31.095272 
24.152485 -19.039124 -8.254145 91.130219 -71.724976 -31.095272 
24.243614 -19.110849 -8.285240 91.130219 -71.724976 -31.095272 
24.334743 -19.182575 -8.316336 91.130219 -71.724976 -31.095272 
24.425873 -19.254301 -8.347431 91.130219 -71.724976 -31.095272 
24.517002 -19.326027 -8.378527 91.130219 -71.724976 -31.095272 
24.608131 -19.397753 -8.409622 91.130219 -71.724976 -31.095272 
24.699261 -19.469479 -8.440718 91.130219 -71.724976 -31.095272 
24.790390 -19.541204 -8.471813 91.130219 -71.724976 -31.095272 
24.881519 -19.612930 -8.502909 91.130219 -71.724976 -31.095272 
24.972649 -19.684656 -8.534004 91.130219 -71.724976 -31.095272 
25.063778 -19.756382 -8.565100 91.130219 -71.724976 -31.095272 
25.154907 -19.828108 -8.596195 91.130219 -71.724976 -31.095272 
25.246037 -19.899834 -8.627291 91.130219 -71.724976 -31.095272 
25.337166 -19.971560 -8.658386 91.130219 -71.724976 -31.095272 
25.428295 -20.043285 -8.689482 91.130219 -71.724976 -31.095272 
25.519424 -20.115011 -8.720577 91.130219 -71.724976 -31.095272 
25.610554 -20.186737 -8.751673 91.130219 -71.724976 -31.095272 
25.701683 -20.258463 -8.782768 91.130219 -71.724976 -31.095272 
25.792812 -20.330189 -8.813864 91.130219 -71.724976 -31.095272 
25.883942 -20.401915 -8.844959 91.130219 -71.724976 -31.095272 
25.975071 -20.473640 -8.876055 91.130219 -71.724976 -31.095272 
26.066200 -20.545366 -8.907150 91.130219 -71.724976 -31.095272 
26.157330 -20.617092 -8.938246 91.130219 -71.724976 -31.095272 
26.248459 -20.688818 -8.969341 91.130219 -71.724976 -31.095272 
26.339588 -20.760544 -9.000437 91.130219 -71.724976 -31.095272 
26.430717 -20.832270 -9.031532 91.130219 -71.724976 -31.095272 
26.521847 -20.903996 -9.062628 91.130219 -71.724976 -31.095272 
26.612976 -20.975721 -9.093723 91.130219 -71.724976 -31.095272 
26.704105 -21.047447 -9.124819 91.130219 -71.724976 -31.095272 
26.795235 -21.119173 -9.155914 91.130219 -71.724976 -31.095272 
26.886364 -21.190899 -9.187010 91.130219 -71.724976 -31.095272 
26.977493 -21.262625 -9.218105 91.130219 -71.724976 -31.095272 
27.068623 -21.334351 -9.249201 91.130219 -71.724976 -31.095272 
27.159752 -21.406076 -9.280296 91.130219 -71.724976 -31.095272 
27.250881 -21.477802 -9.311392 91.130219 -71.724976 -31.095272 
27.342010 -21.549528 -9.342487 91.130219 -71.724976 -31.095272 
27.433140 -21.621254 -9.373583 91.130219 -71.724976 -31.095272 
27.524269 -21.692980 -9.404678 91.130219 -71.724976 -31.095272 
27.615398 -21.764706 -9.435774 91.130219 -71.724976 -31.095272 
27.706528 -21.836432 -9.466869 91.130219 -71.724976 -31.095272 
27.797657 -21.908157 -9.497965 91.130219 -71.724976 -31.095272 
27.888786 -21.979883 -9.529060 91.130219 -71.724976 -31.095272 
27.979916 -22.051609 -9.560156 91.130219 -71.724976 -31.095272 
28.071045 -22.123335 -9.591251 91.130219 -71.724976 -31.095272 
28.162174 -22.195061 -9.622347 91.130219 -71.724976 -31.095272 
28.253304 -22.266787 -9.653442 91.130219 -71.724976 -31.095272 
28.344433 -22.338512 -9.684538 91.130219 -71.724976 -31.095272 
28.435562 -22.410238 -9.715633 91.130219 -71.724976 -31.095272 
28.526691 -22.481964 -9.746729 91.130219 -71.724976 -31.095272 
28.617821 -22.553690 -9.777824 91.130219 -71.724976 -31.095272 
28.708950 -22.625416 -9.808920 91.130219 -71.724976 -31.095272 
28.800079 -22.697142 -9.840015 91.130219 -71.724976 -31.095272 
28.891209 -22.768867 -9.871111 91.130219 -71.724976 -31.095272 
28.982338 -22.840593 -9.902206 91.130219 -71.724976 -31.095272 
29.073467 -22.912319 -9.933302 91.130219 -71.724976 -31.095272 
29.164597 -22.984045 -9.964397 91.130219 -71.724976 -31.095272 
29.255726 -23.055771 -9.995493 91.130219 -71.724976 -31.095272 
29.346855 -23.127497 -10.026588 91.130219 -71.724976 -31.095272 
29.437984 -23.199223 -10.057684 91.130219 -71.724976 -31.095272 
29.529114 -23.270948 -10.088779 91.130219 -71.724976 -31.095272 
29.620243 -23.342674 -10.119875 91.130219 -71.724976 -31.095272 
29.711372 -23.414400 -10.150970 91.130219 -71.724976 -31.095272 
29.802502 -23.486126 -10.182066 91.130219 -71.724976 -31.095272 
29.893631 -23.557852 -10.213161 91.130219 -71.724976 -31.095272 
29.984760 -23.629578 -10.244257 91.130219 -71.724976 -31.095272 
30.075890 -23.701303 -10.275352 91.130219 -71.724976 -31.095272 
30.167019 -23.773029 -10.306448 91.130219 -71.724976 -31.095272 
30.258148 -23.844755 -10.337543 91.130219 -71.724976 -31.095272 
30.349277 -23.916481 -10.368639 91.130219 -71.724976 -31.095272 
30.440407 -23.988207 -10.399734 91.130219 -71.724976 -31.095272 
30.531536 -24.059933 -10.430830 91.130219 -71.724976 -31.095272 
30.622665 -24.131659 -10.461926 91.130219 -71.724976 -31.095272 
30.713795 -24.203384 -10.493021 91.130219 -71.724976 -31.095272 
30.804924 -24.275110 -10.524117 91.130219 -71.724976 -31.095272 
30.896053 -24.346836 -10.555212 91.130219 -71.724976 -31.095272 
30.987183 -24.418562 -10.586308 91.130219 -71.724976 -31.095272 
31.078312 -24.490288 -10.617403 91.130219 -71.724976 -31.095272 
31.169441 -24.562014 -10.648499 91.130219 -71.724976 -31.095272 
31.260571 -24.633739 -10.679594 91.130219 -71.724976 -31.095272 
31.351700 -24.705465 -10.710690 91.130219 -71.724976 -31.095272 
31.442829 -24.777191 -10.741785 91.130219 -71.724976 -31.095272 
31.533958 -24.848917 -10.772881 91.130219 -71.724976 -31.095272 
31.625088 -24.920643 -10.803976 91.130219 -71.724976 -31.095272 
31.716217 -24.992369 -10.835072 91.130219 -71.724976 -31.095272 
31.807346 -25.064095 -10.866167 91.130219 -71.724976 -31.095272 
31.898476 -25.135820 -10.897263 91.130219 -71.724976 -31.095272 
31.989605 -25.207546 -10.928358 91.130219 -71.724976 -31.095272 
32.080734 -25.279272 -10.959454 91.130219 -71.724976 -31.095272 
32.171864 -25.350998 -10.990549 91.130219 -71.724976 -31.095272 
32.262993 -25.422724 -11.021645 91.130219 -71.724976 -31.095272 
32.354122 -25.494450 -11.052740 91.130219 -71.724976 -31.095272 
32.445251 -25.566175 -11.083836 91.130219 -71.724976 -31.095272 
32.536381 -25.637901 -11.114931 91.130219 -71.724976 -31.095272 
32.627510 -25.709627 -11.146027 91.130219 -71.724976 -31.095272 
32.718639 -25.781353 -11.177122 91.130219 -71.724976 -31.095272 
32.809769 -25.853079 -11.208218 91.130219 -71.724976 -31.095272 
32.900898 -25.924805 -11.239313 91.130219 -71.724976 -31.095272 
32.992027 -25.996531 -11.270409 91.130219 -71.724976 -31.095272 
33.083157 -26.068256 -11.301504 91.130219 -71.724976 -31.095272 
33.174286 -26.139982 -11.332600 91.130219 -71.724976 -31.095272 
33.265415 -26.211708 -11.363695 91.130219 -71.724976 -31.095272 
33.356544 -26.283434 -11.394791 91.130219 -71.724976 -31.095272 
33.447674 -26.355160 -11.425886 91.130219 -71.724976 -31.095272 
33.538803 -26.426886 -11.456982 91.130219 -71.724976 -31.095272 
33.629932 -26.498611 -11.488077 91.130219 -71.724976 -31.095272 
33.721062 -26.570337 -11.519173 91.130219 -71.724976 -31.095272 
33.812191 -26.642063 -11.550268 91.130219 -71.724976 -31.095272 
33.903320 -26.713789 -11.581364 91.130219 -71.724976 -31.095272 
33.994450 -26.785515 -11.612459 91.130219 -71.724976 -31.095272 
34.085579 -26.857241 -11.643555 91.130219 -71.724976 -31.095272 
34.176708 -26.928967 -11.674650 91.130219 -71.724976 -31.095272 
34.267838 -27.000692 -11.705746 91.130219 -71.724976 -31.095272 
34.358967 -27.072418 -11.736841 91.130219 -71.724976 -31.095272 
34.450096 -27.144144 -11.767937 91.130219 -71.724976 -31.095272 
34.541225 -27.215870 -11.799032 91.130219 -71.724976 -31.095272 
34.632355 -27.287596 -11.830128 91.130219 -71.724976 -31.095272 
34.723484 -27.359322 -11.861223 91.130219 -71.724976 -31.095272 
34.814613 -27.431047 -11.892319 91.130219 -71.724976 -31.095272 
34.905743 -27.502773 -11.923414 91.130219 -71.724976 -31.095272 
34.996872 -27.574499 -11.954510 91.130219 -71.724976 -31.095272 
35.088001 -27.646225 -11.985605 91.130219 -71.724976 -31.095272 
35.179131 -27.717951 -12.016701 91.130219 -71.724976 -31.095272 
35.270260 -27.789677 -12.047796 91.130219 -71.724976 -31.095272 
35.361389 -27.861403 -12.078892 91.130219 -71.724976 -31.095272 
35.452518 -27.933128 -12.109987 91.130219 -71.724976 -31.095272 
35.543648 -28.004854 -12.141083 91.130219 -71.724976 -31.095272 
35.634777 -28.076580 -12.172178 91.130219 -71.724976 -31.095272 
35.725906 -28.148306 -12.203274 91.130219 -71.724976 -31.095272 
35.817036 -28.220032 -12.234369 91.130219 -71.724976 -31.095272 
35.908165 -28.291758 -12.265465 91.130219 -71.724976 -31.095272 
35.999294 -28.363483 -12.296560 91.130219 -71.724976 -31.095272 
36.090424 -28.435209 -12.327656 91.130219 -71.724976 -31.095272 
36.181553 -28.506935 -12.358751 91.130219 -71.724976 -31.095272 
36.272682 -28.578661 -12.389847 91.130219 -71.724976 -31.095272 
36.363811 -28.650387 -12.420942 91.130219 -71.724976 -31.095272 
36.454941 -28.722113 -12.452038 91.130219 -71.724976 -31.095272 
36.546070 -28.793839 -12.483133 91.130219 -71.724976 -31.095272 
36.637199 -28.865564 -12.514229 91.130219 -71.724976 -31.095272 
36.728329 -28.937290 -12.545324 91.130219 -71.724976 -31.095272 
36.819458 -29.009016 -12.576420 91.130219 -71.724976 -31.095272 
36.910587 -29.080742 -12.607515 91.130219 -71.724976 -31.095272 
37.001717 -29.152468 -12.638611 91.130219 -71.724976 -31.095272 
37.092846 -29.224194 -12.669706 91.130219 -71.724976 -31.095272 
37.183975 -29.295919 -12.700802 91.130219 -71.724976 -31.095272 
37.275105 -29.367645 -12.731897 91.130219 -71.724976 -31.095272 
37.366234 -29.439371 -12.762993 91.130219 -71.724976 -31.095272 
37.457363 -29.511097 -12.794088 91.130219 -71.724976 -31.095272 
37.548492 -29.582823 -12.825184 91.130219 -71.724976 -31.095272 
37.639622 -29.654549 -12.856279 91.130219 -71.724976 -31.095272 
37.730751 -29.726274 -12.887375 91.130219 -71.724976 -31.095272 
37.821880 -29.798000 -12.918470 91.130219 -71.724976 -31.095272 
37.913010 -29.869726 -12.949566 91.130219 -71.724976 -31.095272 
38.004139 -29.941452 -12.980661 91.130219 -71.724976 -31.095272 
38.095268 -30.013178 -13.011757 91.130219 -71.724976 -31.095272 
38.186398 -30.084904 -13.042852 91.130219 -71.724976 -31.095272 
38.277527 -30.156630 -13.073948 91.130219 -71.724976 -31.095272 
38.368656 -30.228355 -13.105043 91.130219 -71.724976 -31.095272 
38.459785 -30.300081 -13.136139 91.130219 -71.724976 -31.095272 
38.550915 -30.371807 -13.167234 91.130219 -71.724976 -31.095272 
38.642044 -30.443533 -13.198330 91.130219 -71.724976 -31.095272 
38.733173 -30.515259 -13.229425 91.130219 -71.724976 -31.095272 
38.824303 -30.586985 -13.260521 91.130219 -71.724976 -31.095272 
38.915432 -30.658710 -13.291616 91.130219 -71.724976 -31.095272 
39.006561 -30.730436 -13.322712 91.130219 -71.724976 -31.095272 
39.097691 -30.802162 -13.353807 91.130219 -71.724976 -31.095272 
39.188820 -30.873888 -13.384903 91.130219 -71.724976 -31.095272 
39.279949 -30.945614 -13.415998 91.130219 -71.724976 -31.095272 
39.371078 -31.017340 -13.447094 91.130219 -71.724976 -31.095272 
39.462208 -31.089066 -13.478189 91.130219 -71.724976 -31.095272 
39.553337 -31.160791 -13.509285 91.130219 -71.724976 -31.095272 
39.644466 -31.232517 -13.540380 91.130219 -71.724976 -31.095272 
39.735596 -31.304243 -13.571476 91.130219 -71.724976 -31.095272 
39.826725 -31.375969 -13.602571 91.130219 -71.724976 -31.095272 
39.917854 -31.447695 -13.633667 91.130219 -71.724976 -31.095272 
40.008984 -31.519421 -13.664762 91.130219 -71.724976 -31.095272 
40.100113 -31.591146 -13.695858 91.130219 -71.724976 -31.095272 
40.191242 -31.662872 -13.726954 91.130219 -71.724976 -31.095272 
40.282372 -31.734598 -13.758049 91.130219 -71.724976 -31.095272 
40.373501 -31.806324 -13.789145 91.130219 -71.724976 -31.095272 
40.464630 -31.878050 -13.820240 91.130219 -71.724976 -31.095272 
40.555759 -31.949776 -13.851336 91.130219 -71.724976 -31.095272 
40.646889 -32.021500 -13.882431 91.130219 -71.724976 -31.095272 
40.738018 -32.093224 -13.913527 91.130219 -71.724976 -31.095272 
40.829147 -32.164948 -13.944622 91.130219 -71.724976 -31.095272 
40.920277 -32.236671 -13.975718 91.130219 -71.724976 -31.095272 
41.011406 -32.308395 -14.006813 91.130219 -71.724976 -31.095272 
41.102535 -32.380119 -14.037909 91.130219 -71.724976 -31.095272 
41.193665 -32.451843 -14.069004 91.130219 -71.724976 -31.095272 
41.284794 -32.523567 -14.100100 91.130219 -71.724976 -31.095272 
41.375923 -32.595291 -14.131195 91.130219 -71.724976 -31.095272 
41.467052 -32.667015 -14.162291 91.130219 -71.724976 -31.095272 
41.558182 -32.738739 -14.193386 91.130219 -71.724976 -31.095272 
41.649311 -32.810463 -14.224482 91.130219 -71.724976 -31.095272 
41.740440 -32.882187 -14.255577 91.130219 -71.724976 -31.095272 
41.831570 -32.953911 -14.286673 91.130219 -71.724976 -31.095272 
41.922699 -33.025635 -14.317768 91.130219 -71.724976 -31.095272 
42.013828 -33.097359 -14.348864 91.130219 -71.724976 -31.095272 
42.104958 -33.169083 -14.379959 91.130219 -71.724976 -31.095272 
42.196087 -33.240807 -14.411055 91.130219 -71.724976 -31.095272 
42.287216 -33.312531 -14.442150 91.130219 -71.724976 -31.095272 
42.378345 -33.384254 -14.473246 91.130219 -71.724976 -31.095272 
42.469475 -33.455978 -14.504341 91.130219 -71.724976 -31.095272 
42.560604 -33.527702 -14.535437 91.130219 -71.724976 -31.095272 
42.651733 -33.599426 -14.566532 91.130219 -71.724976 -31.095272 
42.742863 -33.671150 -14.597628 91.130219 -71.724976 -31.095272 
42.833992 -33.742874 -14.628723 91.130219 -71.724976 -31.095272 
42.925121 -33.814598 -14.659819 91.130219 -71.724976 -31.095272 
43.016251 -33.886322 -14.690914 91.130219 -71.724976 -31.095272 
43.107380 -33.958046 -14.722010 91.130219 -71.724976 -31.095272 
43.198509 -34.029770 -14.753105 91.130219 -71.724976 -31.095272 
43.289639 -34.101494 -14.784201 91.130219 -71.724976 -31.095272 
43.380768 -34.173218 -14.815296 91.130219 -71.724976 -31.095272 
43.471897 -34.244942 -14.846392 91.130219 -71.724976 -31.095272 
43.563026 -34.316666 -14.877487 91.130219 -71.724976 -31.095272 
43.654156 -34.388390 -14.908583 91.130219 -71.724976 -31.095272 
43.745285 -34.460114 -14.939678 91.130219 -71.724976 -31.095272 
43.836414 -34.531837 -14.970774 91.130219 -71.724976 -31.095272 
43.927544 -34.603561 -15.001869 91.130219 -71.724976 -31.095272 
44.018673 -34.675285 -15.032965 91.130219 -71.724976 -31.095272 
44.109802 -34.747009 -15.064060 91.130219 -71.724976 -31.095272 
44.200932 -34.818733 -15.095156 91.130219 -71.724976 -31.095272 
44.292061 -34.890457 -15.126251 91.130219 -71.724976 -31.095272 
44.383190 -34.962181 -15.157347 91.130219 -71.724976 -31.095272 
44.474319 -35.033905 -15.188442 91.130219 -71.724976 -31.095272 
44.565449 -35.105629 -15.219538 91.130219 -71.724976 -31.095272 
44.656578 -35.177353 -15.250633 91.130219 -71.724976 -31.095272 
44.747707 -35.249077 -15.281729 91.130219 -71.724976 -31.095272 
44.838837 -35.320801 -15.312824 91.130219 -71.724976 -31.095272 
44.929966 -35.392525 -15.343920 91.130219 -71.724976 -31.095272 
45.021095 -35.464249 -15.375015 91.130219 -71.724976 -31.095272 
45.112225 -35.535973 -15.406111 91.130219 -71.724976 -31.095272 
45.203354 -35.607697 -15.437206 91.130219 -71.724976 -31.095272 
45.294483 -35.679420 -15.468302 91.130219 -71.724976 -31.095272 
45.385612 -35.751144 -15.499397 91.130219 -71.724976 -31.095272 
45.476742 -35.822868 -15.530493 91.130219 -71.724976 -31.095272 
45.567871 -35.894592 -15.561588 91.130219 -71.724976 -31.095272 
45.659000 -35.966316 -15.592684 91.130219 -71.724976 -31.095272 
45.750130 -36.038040 -15.623779 91.130219 -71.724976 -31.095272 
45.841259 -36.109764 -15.654875 91.130219 -71.724976 -31.095272 
45.932388 -36.181488 -15.685970 91.130219 -71.724976 -31.095272 
46.023518 -36.253212 -15.717066 91.130219 -71.724976 -31.095272 
46.114647 -36.324936 -15.748161 91.130219 -71.724976 -31.095272 
46.205776 -36.396660 -15.779257 91.130219 -71.724976 -31.095272 
46.296906 -36.468384 -15.810352 91.130219 -71.724976 -31.095272 
46.388035 -36.540108 -15.841448 91.130219 -71.724976 -31.095272 
46.479164 -36.611832 -15.872543 91.130219 -71.724976 -31.095272 
46.570293 -36.683556 -15.903639 91.130219 -71.724976 -31.095272 
46.661423 -36.755280 -15.934734 91.130219 -71.724976 -31.095272 
46.752552 -36.827003 -15.965830 91.130219 -71.724976 -31.095272 
46.843681 -36.898727 -15.996925 91.130219 -71.724976 -31.095272 
46.934811 -36.970451 -16.028021 91.130219 -71.724976 -31.095272 
47.025940 -37.042175 -16.059116 91.130219 -71.724976 -31.095272 
47.117069 -37.113899 -16.090212 91.130219 -71.724976 -31.095272 
47.208199 -37.185623 -16.121307 91.130219 -71.724976 -31.095272 
47.299328 -37.257347 -16.152403 91.130219 -71.724976 -31.095272 
47.390457 -37.329071 -16.183498 91.130219 -71.724976 -31.095272 
47.481586 -37.400795 -16.214594 91.130219 -71.724976 -31.095272 
47.572716 -37.472519 -16.245689 91.130219 -71.724976 -31.095272 
47.663845 -37.544243 -16.276785 91.130219 -71.724976 -31.095272 
47.754974 -37.615967 -16.307880 91.130219 -71.724976 -31.095272 
47.846104 -37.687691 -16.338976 91.130219 -71.724976 -31.095272 
47.937233 -37.759415 -16.370071 91.130219 -71.724976 -31.095272 
48.028362 -37.831139 -16.401167 91.130219 -71.724976 -31.095272 
48.119492 -37.902863 -16.432262 91.130219 -71.724976 -31.095272 
48.210621 -37.974586 -16.463358 91.130219 -71.724976 -31.095272 
48.301750 -38.046310 -16.494453 91.130219 -71.724976 -31.095272 
48.392879 -38.118034 -16.525549 91.130219 -71.724976 -31.095272 
48.484009 -38.189758 -16.556644 91.130219 -71.724976 -31.095272 
48.575138 -38.261482 -16.587740 91.130219 -71.724976 -31.095272 
48.666267 -38.333206 -16.618835 91.130219 -71.724976 -31.095272 
48.757397 -38.404930 -16.649931 91.130219 -71.724976 -31.095272 
48.848526 -38.476654 -16.681026 91.130219 -71.724976 -31.095272 
48.939655 -38.548378 -16.712122 91.130219 -71.724976 -31.095272 
49.030785 -38.620102 -16.743217 91.130219 -71.724976 -31.095272 
49.121914 -38.691826 -16.774313 91.130219 -71.724976 -31.095272 
49.213043 -38.763550 -16.805408 91.130219 -71.724976 -31.095272 
49.304173 -38.835274 -16.836504 91.130219 -71.724976 -31.095272 
49.395302 -38.906998 -16.867599 91.130219 -71.724976 -31.095272 
49.486431 -38.978722 -16.898695 91.130219 -71.724976 -31.095272 
49.577560 -39.050446 -16.929790 91.130219 -71.724976 -31.095272 
49.668690 -39.122169 -16.960886 91.130219 -71.724976 -31.095272 
49.759819 -39.193893 -16.991982 91.130219 -71.724976 -31.095272 
49.850948 -39.265617 -17.023077 91.130219 -71.724976 -31.095272 
49.942078 -39.337341 -17.054173 91.130219 -71.724976 -31.095272 
50.033207 -39.409065 -17.085268 91.130219 -71.724976 -31.095272 
50.124336 -39.480789 -17.116364 91.130219 -71.724976 -31.095272 
50.215466 -39.552513 -17.147459 91.130219 -71.724976 -31.095272 
50.306595 -39.624237 -17.178555 91.130219 -71.724976 -31.095272 
50.397724 -39.695961 -17.209650 91.130219 -71.724976 -31.095272 
50.488853 -39.767685 -17.240746 91.130219 -71.724976 -31.095272 
50.579983 -39.839409 -17.271841 91.130219 -71.724976 -31.095272 
50.671112 -39.911133 -17.302937 91.130219 -71.724976 -31.095272 
50.762241 -39.982857 -17.334032 91.130219 -71.724976 -31.095272 
50.853371 -40.054581 -17.365128 91.130219 -71.724976 -31.095272 
50.944500 -40.126305 -17.396223 91.130219 -71.724976 -31.095272 
51.035629 -40.198029 -17.427319 91.130219 -71.724976 -31.095272 
51.126759 -40.269753 -17.458414 91.130219 -71.724976 -31.095272 
51.217888 -40.341476 -17.489510 91.130219 -71.724976 -31.095272 
51.309017 -40.413200 -17.520605 91.130219 -71.724976 -31.095272 
51.400146 -40.484924 -17.551701 91.130219 -71.724976 -31.095272 
51.491276 -40.556648 -17.582796 91.130219 -71.724976 -31.095272 
51.582405 -40.628372 -17.613892 91.130219 -71.724976 -31.095272 
51.673534 -40.700096 -17.644987 91.130219 -71.724976 -31.095272 
51.764664 -40.771820 -17.676083 91.130219 -71.724976 -31.095272 
51.855793 -40.843544 -17.707178 91.130219 -71.724976 -31.095272 
51.946922 -40.915268 -17.738274 91.130219 -71.724976 -31.095272 
52.038052 -40.986992 -17.769369 91.130219 -71.724976 -31.095272 
52.129181 -41.058716 -17.800465 91.130219 -71.724976 -31.095272 
52.220310 -41.130440 -17.831560 91.130219 -71.724976 -31.095272 
52.311440 -41.202164 -17.862656 91.130219 -71.724976 -31.095272 
52.402569 -41.273888 -17.893751 91.130219 -71.724976 -31.095272 
52.493698 -41.345612 -17.924847 91.130219 -71.724976 -31.095272 
52.584827 -41.417336 -17.955942 91.130219 -71.724976 -31.095272 
52.675957 -41.489059 -17.987038 91.130219 -71.724976 -31.095272 
52.767086 -41.560783 -18.018133 91.130219 -71.724976 -31.095272 
52.858215 -41.632507 -18.049229 91.130219 -71.724976 -31.095272 
52.949345 -41.704231 -18.080324 91.130219 -71.724976 -31.095272 
53.040474 -41.775955 -18.111420 91.130219 -71.724976 -31.095272 
53.131603 -41.847679 -18.142515 91.130219 -71.724976 -31.095272 
53.222733 -41.919403 -18.173611 91.130219 -71.724976 -31.095272 
53.313862 -41.991127 -18.204706 91.130219 -71.724976 -31.095272 
53.404991 -42.062851 -18.235802 91.130219 -71.724976 -31.095272 
53.496120 -42.134575 -18.266897 91.130219 -71.724976 -31.095272 
53.587250 -42.206299 -18.297993 91.130219 -71.724976 -31.095272 
53.678379 -42.278023 -18.329088 91.130219 -71.724976 -31.095272 
53.769508 -42.349747 -18.360184 91.130219 -71.724976 -31.095272 
53.860638 -42.421471 -18.391279 91.130219 -71.724976 -31.095272 
53.951767 -42.493195 -18.422375 91.130219 -71.724976 -31.095272 
54.042896 -42.564919 -18.453470 91.130219 -71.724976 -31.095272 
54.134026 -42.636642 -18.484566 91.130219 -71.724976 -31.095272 
54.225155 -42.708366 -18.515661 91.130219 -71.724976 -31.095272 
54.316284 -42.780090 -18.546757 91.130219 -71.724976 -31.095272 
54.407413 -42.851814 -18.577852 91.130219 -71.724976 -31.095272 
54.498543 -42.923538 -18.608948 91.130219 -71.724976 -31.095272 
54.589672 -42.995262 -18.640043 91.130219 -71.724976 -31.095272 
54.680801 -43.066986 -18.671139 91.130219 -71.724976 -31.095272 
54.771931 -43.138710 -18.702234 91.130219 -71.724976 -31.095272 
54.863060 -43.210434 -18.733330 91.130219 -71.724976 -31.095272 
54.954189 -43.282158 -18.764425 91.130219 -71.724976 -31.095272 
55.045319 -43.353882 -18.795521 91.130219 -71.724976 -31.095272 
55.136448 -43.425606 -18.826616 91.130219 -71.724976 -31.095272 
55.227577 -43.497330 -18.857712 91.130219 -71.724976 -31.095272 
55.318707 -43.569054 -18.888807 91.130219 -71.724976 -31.095272 
55.409836 -43.640778 -18.919903 91.130219 -71.724976 -31.095272 
55.500965 -43.712502 -18.950998 91.130219 -71.724976 -31.095272 
55.592094 -43.784225 -18.982094 91.130219 -71.724976 -31.095272 
55.683224 -43.855949 -19.013189 91.130219 -71.724976 -31.095272 
55.774353 -43.927673 -19.044285 91.130219 -71.724976 -31.095272 
55.865482 -43.999397 -19.075380 91.130219 -71.724976 -31.095272 
55.956612 -44.071121 -19.106476 91.130219 -71.724976 -31.095272 
56.047741 -44.142845 -19.137571 91.130219 -71.724976 -31.095272 
56.138870 -44.214569 -19.168667 91.130219 -71.724976 -31.095272 
56.230000 -44.286293 -19.199762 91.130219 -71.724976 -31.095272 
56.321129 -44.358017 -19.230858 91.130219 -71.724976 -31.095272 
56.412258 -44.429741 -19.261953 91.130219 -71.724976 -31.095272 
56.503387 -44.501465 -19.293049 91.130219 -71.724976 -31.095272 
56.594517 -44.573189 -19.324144 91.130219 -71.724976 -31.095272 
56.685646 -44.644913 -19.355240 91.130219 -71.724976 -31.095272 
56.776775 -44.716637 -19.386335 91.130219 -71.724976 -31.095272 
56.867905 -44.788361 -19.417431 91.130219 -71.724976 -31.095272 
56.959034 -44.860085 -19.448526 91.130219 -71.724976 -31.095272 
57.050163 -44.931808 -19.479622 91.130219 -71.724976 -31.095272 
57.141293 -45.003532 -19.510717 91.130219 -71.724976 -31.095272 
57.232422 -45.075256 -19.541813 91.130219 -71.724976 -31.095272 
57.323551 -45.146980 -19.572908 91.130219 -71.724976 -31.095272 
57.414680 -45.218704 -19.604004 91.130219 -71.724976 -31.095272 
57.505810 -45.290428 -19.635099 91.130219 -71.724976 -31.095272 
57.596939 -45.362152 -19.666195 91.130219 -71.724976 -31.095272 
57.688068 -45.433876 -19.697290 91.130219 -71.724976 -31.095272 
57.779198 -45.505600 -19.728386 91.130219 -71.724976 -31.095272 
57.870327 -45.577324 -19.759481 91.130219 -71.724976 -31.095272 
57.961456 -45.649048 -19.790577 91.130219 -71.724976 -31.095272 
58.052586 -45.720772 -19.821672 91.130219 -71.724976 -31.095272 
58.143715 -45.792496 -19.852768 91.130219 -71.724976 -31.095272 
58.234844 -45.864220 -19.883863 91.130219 -71.724976 -31.095272 
58.325974 -45.935944 -19.914959 91.130219 -71.724976 -31.095272 
58.417103 -46.007668 -19.946054 91.130219 -71.724976 -31.095272 
58.508232 -46.079391 -19.977150 91.130219 -71.724976 -31.095272 
58.599361 -46.151115 -20.008245 91.130219 -71.724976 -31.095272 
58.690491 -46.222839 -20.039341 91.130219 -71.724976 -31.095272 
58.781620 -46.294563 -20.070436 91.130219 -71.724976 -31.095272 
58.872749 -46.366287 -20.101532 91.130219 -71.724976 -31.095272 
58.963879 -46.438011 -20.132627 91.130219 -71.724976 -31.095272 
59.055008 -46.509735 -20.163723 91.130219 -71.724976 -31.095272 
59.146137 -46.581459 -20.194818 91.130219 -71.724976 -31.095272 
59.237267 -46.653183 -20.225914 91.130219 -71.724976 -31.095272 
59.328396 -46.724907 -20.257010 91.130219 -71.724976 -31.095272 
59.419525 -46.796631 -20.288105 91.130219 -71.724976 -31.095272 
59.510654 -46.868355 -20.319201 91.130219 -71.724976 -31.095272 
59.601784 -46.940079 -20.350296 91.130219 -71.724976 -31.095272 
59.692913 -47.011803 -20.381392 91.130219 -71.724976 -31.095272 
59.784042 -47.083527 -20.412487 91.130219 -71.724976 -31.095272 
59.875172 -47.155251 -20.443583 91.130219 -71.724976 -31.095272 
59.966301 -47.226974 -20.474678 91.130219 -71.724976 -31.095272 
60.057430 -47.298698 -20.505774 91.130219 -71.724976 -31.095272 
60.148560 -47.370422 -20.536869 91.130219 -71.724976 -31.095272 
60.239689 -47.442146 -20.567965 91.130219 -71.724976 -31.095272 
60.330818 -47.513870 -20.599060 91.130219 -71.724976 -31.095272 
60.421947 -47.585594 -20.630156 91.130219 -71.724976 -31.095272 
60.513077 -47.657318 -20.661251 91.130219 -71.724976 -31.095272 
60.604206 -47.729042 -20.692347 91.130219 -71.724976 -31.095272 
60.695335 -47.800766 -20.723442 91.130219 -71.724976 -31.095272 
60.786465 -47.872490 -20.754538 91.130219 -71.724976 -31.095272 
60.877594 -47.944214 -20.785633 91.130219 -71.724976 -31.095272 
60.968723 -48.015938 -20.816729 91.130219 -71.724976 -31.095272 
61.059853 -48.087662 -20.847824 91.130219 -71.724976 -31.095272 
61.150982 -48.159386 -20.878920 91.130219 -71.724976 -31.095272 
61.242111 -48.231110 -20.910015 91.130219 -71.724976 -31.095272 
61.333241 -48.302834 -20.941111 91.130219 -71.724976 -31.095272 
61.424370 -48.374557 -20.972206 91.130219 -71.724976 -31.095272 
61.515499 -48.446281 -21.003302 91.130219 -71.724976 -31.095272 
61.606628 -48.518005 -21.034397 91.130219 -71.724976 -31.095272 
61.697758 -48.589729 -21.065493 91.130219 -71.724976 -31.095272 
61.788887 -48.661453 -21.096588 91.130219 -71.724976 -31.095272 
61.880016 -48.733177 -21.127684 91.130219 -71.724976 -31.095272 
61.971146 -48.804901 -21.158779 91.130219 -71.724976 -31.095272 
62.062275 -48.876625 -21.189875 91.130219 -71.724976 -31.095272 
62.153404 -48.948349 -21.220970 91.130219 -71.724976 -31.095272 
62.244534 -49.020073 -21.252066 91.130219 -71.724976 -31.095272 
62.335663 -49.091797 -21.283161 91.130219 -71.724976 -31.095272 
62.426792 -49.163521 -21.314257 91.130219 -71.724976 -31.095272 
62.517921 -49.235245 -21.345352 91.130219 -71.724976 -31.095272 
62.609051 -49.306969 -21.376448 91.130219 -71.724976 -31.095272 
62.700180 -49.378693 -21.407543 91.130219 -71.724976 -31.095272 
62.791309 -49.450417 -21.438639 91.130219 -71.724976 -31.095272 
62.882439 -49.522141 -21.469734 91.130219 -71.724976 -31.095272 
62.973568 -49.593864 -21.500830 91.130219 -71.724976 -31.095272 
63.064697 -49.665588 -21.531925 91.130219 -71.724976 -31.095272 
63.155827 -49.737312 -21.563021 91.130219 -71.724976 -31.095272 
63.246956 -49.809036 -21.594116 91.130219 -71.724976 -31.095272 
63.338085 -49.880760 -21.625212 91.130219 -71.724976 -31.095272 
63.429214 -49.952484 -21.656307 91.130219 -71.724976 -31.095272 
63.520344 -50.024208 -21.687403 91.130219 -71.724976 -31.095272 
63.611473 -50.095932 -21.718498 91.130219 -71.724976 -31.095272 
63.702602 -50.167656 -21.749594 91.130219 -71.724976 -31.095272 
63.793732 -50.239380 -21.780689 91.130219 -71.724976 -31.095272 
63.884861 -50.311104 -21.811785 91.130219 -71.724976 -31.095272 
63.975990 -50.382828 -21.842880 91.130219 -71.724976 -31.095272 
64.067123 -50.454552 -21.873976 91.130219 -71.724976 -31.095272 
64.158257 -50.526276 -21.905071 91.130219 -71.724976 -31.095272 
64.249390 -50.598000 -21.936167 91.130219 -71.724976 -31.095272 
64.340523 -50.669724 -21.967262 91.130219 -71.724976 -31.095272 
64.431656 -50.741447 -21.998358 91.130219 -71.724976 -31.095272 
64.522789 -50.813171 -22.029453 91.130219 -71.724976 -31.095272 
64.613922 -50.884895 -22.060549 91.130219 -71.724976 -31.095272 
64.705055 -50.956619 -22.091644 91.130219 -71.724976 -31.095272 
64.796188 -51.028343 -22.122740 91.130219 -71.724976 -31.095272 
64.887321 -51.100067 -22.153835 91.130219 -71.724976 -31.095272 
64.978455 -51.171791 -22.184931 91.130219 -71.724976 -31.095272 
65.069588 -51.243515 -22.216026 91.130219 -71.724976 -31.095272 
65.160721 -51.315239 -22.247122 91.130219 -71.724976 -31.095272 
65.251854 -51.386963 -22.278217 91.130219 -71.724976 -31.095272 
65.342987 -51.458687 -22.309313 91.130219 -71.724976 -31.095272 
65.434120 -51.530411 -22.340408 91.130219 -71.724976 -31.095272 
65.525253 -51.602135 -22.371504 91.130219 -71.724976 -31.095272 
65.616386 -51.673859 -22.402599 91.130219 -71.724976 -31.095272 
65.707520 -51.745583 -22.433695 91.130219 -71.724976 -31.095272 
65.798653 -51.817307 -22.464790 91.130219 -71.724976 -31.095272 
65.889786 -51.889030 -22.495886 91.130219 -71.724976 -31.095272 
65.980919 -51.960754 -22.526981 91.130219 -71.724976 -31.095272 
66.072052 -52.032478 -22.558077 91.130219 -71.724976 -31.095272 
66.163185 -52.104202 -22.589172 91.130219 -71.724976 -31.095272 
66.254318 -52.175926 -22.620268 91.130219 -71.724976 -31.095272 
66.345451 -52.247650 -22.651363 91.130219 -71.724976 -31.095272 
66.436584 -52.319374 -22.682459 91.130219 -71.724976 -31.095272 
66.527718 -52.391098 -22.713554 91.130219 -71.724976 -31.095272 
66.618851 -52.462822 -22.744650 91.130219 -71.724976 -31.095272 
66.709984 -52.534546 -22.775745 91.130219 -71.724976 -31.095272 
66.801117 -52.606270 -22.806841 91.130219 -71.724976 -31.095272 
66.892250 -52.677994 -22.837936 91.130219 -71.724976 -31.095272 
66.983383 -52.749718 -22.869032 91.130219 -71.724976 -31.095272 
67.074516 -52.821442 -22.900127 91.130219 -71.724976 -31.095272 
67.165649 -52.893166 -22.931223 91.130219 -71.724976 -31.095272 
67.256783 -52.964890 -22.962318 91.130219 -71.724976 -31.095272 
67.347916 -53.036613 -22.993414 91.130219 -71.724976 -31.095272 
67.439049 -53.108337 -23.024509 91.130219 -71.724976 -31.095272 
67.530182 -53.180061 -23.055605 91.130219 -71.724976 -31.095272 
67.621315 -53.251785 -23.086700 91.130219 -71.724976 -31.095272 
67.712448 -53.323509 -23.117796 91.130219 -71.724976 -31.095272 
67.803581 -53.395233 -23.148891 91.130219 -71.724976 -31.095272 
67.894714 -53.466957 -23.179987 91.130219 -71.724976 -31.095272 
67.985847 -53.538681 -23.211082 91.130219 -71.724976 -31.095272 
68.076981 -53.610405 -23.242178 91.130219 -71.724976 -31.095272 
68.168114 -53.682129 -23.273273 91.130219 -71.724976 -31.095272 
68.259247 -53.753853 -23.304369 91.130219 -71.724976 -31.095272 
68.350380 -53.825577 -23.335464 91.130219 -71.724976 -31.095272 
68.441513 -53.897301 -23.366560 91.130219 -71.724976 -31.095272 
68.532646 -53.969025 -23.397655 91.130219 -71.724976 -31.095272 
68.623779 -54.040749 -23.428751 91.130219 -71.724976 -31.095272 
68.714912 -54.112473 -23.459846 91.130219 -71.724976 -31.095272 
68.806046 -54.184196 -23.490942 91.130219 -71.724976 -31.095272 
68.897179 -54.255920 -23.522038 91.130219 -71.724976 -31.095272 
68.988312 -54.327644 -23.553133 91.130219 -71.724976 -31.095272 
69.079445 -54.399368 -23.584229 91.130219 -71.724976 -31.095272 
69.170578 -54.471092 -23.615324 91.130219 -71.724976 -31.095272 
69.261711 -54.542816 -23.646420 91.130219 -71.724976 -31.095272 
69.352844 -54.614540 -23.677515 91.130219 -71.724976 -31.095272 
69.443977 -54.686264 -23.708611 91.130219 -71.724976 -31.095272 
69.535110 -54.757988 -23.739706 91.130219 -71.724976 -31.095272 
69.626244 -54.829712 -23.770802 91.130219 -71.724976 -31.095272 
69.717377 -54.901436 -23.801897 91.130219 -71.724976 -31.095272 
69.808510 -54.973160 -23.832993 91.130219 -71.724976 -31.095272 
69.899643 -55.044884 -23.864088 91.130219 -71.724976 -31.095272 
69.990776 -55.116608 -23.895184 91.130219 -71.724976 -31.095272 
70.081909 -55.188332 -23.926279 91.130219 -71.724976 -31.095272 
70.173042 -55.260056 -23.957375 91.130219 -71.724976 -31.095272 
70.264175 -55.331779 -23.988470 91.130219 -71.724976 -31.095272 
70.355309 -55.403503 -24.019566 91.130219 -71.724976 -31.095272 
70.446442 -55.475227 -24.050661 91.130219 -71.724976 -31.095272 
70.537575 -55.546951 -24.081757 91.130219 -71.724976 -31.095272 
70.628708 -55.618675 -24.112852 91.130219 -71.724976 -31.095272 
70.719841 -55.690399 -24.143948 91.130219 -71.724976 -31.095272 
70.810974 -55.762123 -24.175043 91.130219 -71.724976 -31.095272 
70.902107 -55.833847 -24.206139 91.130219 -71.724976 -31.095272 
70.993240 -55.905571 -24.237234 91.130219 -71.724976 -31.095272 
71.084373 -55.977295 -24.268330 91.130219 -71.724976 -31.095272 
71.175507 -56.049019 -24.299425 91.130219 -71.724976 -31.095272 
71.266640 -56.120743 -24.330521 91.130219 -71.724976 -31.095272 
71.357773 -56.192467 -24.361616 91.130219 -71.724976 -31.095272 
71.448906 -56.264191 -24.392712 91.130219 -71.724976 -31.095272 
71.540039 -56.335915 -24.423807 91.130219 -71.724976 -31.095272 
71.631172 -56.407639 -24.454903 91.130219 -71.724976 -31.095272 
71.722305 -56.479362 -24.485998 91.130219 -71.724976 -31.095272 
71.813438 -56.551086 -24.517094 91.130219 -71.724976 -31.095272 
71.904572 -56.622810 -24.548189 91.130219 -71.724976 -31.095272 
71.995705 -56.694534 -24.579285 91.130219 -71.724976 -31.095272 
72.086838 -56.766258 -24.610380 91.130219 -71.724976 -31.095272 
72.177971 -56.837982 -24.641476 91.130219 -71.724976 -31.095272 
72.269104 -56.909706 -24.672571 91.130219 -71.724976 -31.095272 
72.360237 -56.981430 -24.703667 91.130219 -71.724976 -31.095272 
72.451370 -57.053154 -24.734762 91.130219 -71.724976 -31.095272 
72.542503 -57.124878 -24.765858 91.130219 -71.724976 -31.095272 
72.633636 -57.196602 -24.796953 91.130219 -71.724976 -31.095272 
72.724770 -57.268326 -24.828049 91.130219 -71.724976 -31.095272 
72.815903 -57.340050 -24.859144 91.130219 -71.724976 -31.095272 
72.907036 -57.411774 -24.890240 91.130219 -71.724976 -31.095272 
72.998169 -57.483498 -24.921335 91.130219 -71.724976 -31.095272 
73.089302 -57.555222 -24.952431 91.130219 -71.724976 -31.095272 
73.180435 -57.626945 -24.983526 91.130219 -71.724976 -31.095272 
73.271568 -57.698669 -25.014622 91.130219 -71.724976 -31.095272 
73.362701 -57.770393 -25.045717 91.130219 -71.724976 -31.095272 
73.453835 -57.842117 -25.076813 91.130219 -71.724976 -31.095272 
73.544968 -57.913841 -25.107908 91.130219 -71.724976 -31.095272 
73.636101 -57.985565 -25.139004 91.130219 -71.724976 -31.095272 
73.727234 -58.057289 -25.170099 91.130219 -71.724976 -31.095272 
73.818367 -58.129013 -25.201195 91.130219 -71.724976 -31.095272 
73.909500 -58.200737 -25.232290 91.130219 -71.724976 -31.095272 
74.000633 -58.272461 -25.263386 91.130219 -71.724976 -31.095272 
74.091766 -58.344185 -25.294481 91.130219 -71.724976 -31.095272 
74.182899 -58.415909 -25.325577 91.130219 -71.724976 -31.095272 
74.274033 -58.487633 -25.356672 91.130219 -71.724976 -31.095272 
74.365166 -58.559357 -25.387768 91.130219 -71.724976 -31.095272 
74.456299 -58.631081 -25.418863 91.130219 -71.724976 -31.095272 
74.547432 -58.702805 -25.449959 91.130219 -71.724976 -31.095272 
74.638565 -58.774529 -25.481054 91.130219 -71.724976 -31.095272 
74.729698 -58.846252 -25.512150 91.130219 -71.724976 -31.095272 
74.820831 -58.917976 -25.543245 91.130219 -71.724976 -31.095272 
74.911964 -58.989700 -25.574341 91.130219 -71.724976 -31.095272 
75.003098 -59.061424 -25.605436 91.130219 -71.724976 -31.095272 
75.094231 -59.133148 -25.636532 91.130219 -71.724976 -31.095272 
75.185364 -59.204872 -25.667627 91.130219 -71.724976 -31.095272 
75.276497 -59.276596 -25.698723 91.130219 -71.724976 -31.095272 
75.367630 -59.348320 -25.729818 91.130219 -71.724976 -31.095272 
75.458763 -59.420044 -25.760914 91.130219 -71.724976 -31.095272 
75.549896 -59.491768 -25.792009 91.130219 -71.724976 -31.095272 
75.641029 -59.563492 -25.823105 91.130219 -71.724976 -31.095272 
75.732162 -59.635216 -25.854200 91.130219 -71.724976 -31.095272 
75.823296 -59.706940 -25.885296 91.130219 -71.724976 -31.095272 
75.914429 -59.778664 -25.916391 91.130219 -71.724976 -31.095272 
76.005562 -59.850388 -25.947487 91.130219 -71.724976 -31.095272 
76.096695 -59.922112 -25.978582 91.130219 -71.724976 -31.095272 
76.187828 -59.993835 -26.009678 91.130219 -71.724976 -31.095272 
76.278961 -60.065559 -26.040773 91.130219 -71.724976 -31.095272 
76.370094 -60.137283 -26.071869 91.130219 -71.724976 -31.095272 
76.461227 -60.209007 -26.102964 91.130219 -71.724976 -31.095272 
76.552361 -60.280731 -26.134060 91.130219 -71.724976 -31.095272 
76.643494 -60.352455 -26.165155 91.130219 -71.724976 -31.095272 
76.734627 -60.424179 -26.196251 91.130219 -71.724976 -31.095272 
76.825760 -60.495903 -26.227346 91.130219 -71.724976 -31.095272 
76.916893 -60.567627 -26.258442 91.130219 -71.724976 -31.095272 
77.008026 -60.639351 -26.289537 91.130219 -71.724976 -31.095272 
77.099159 -60.711075 -26.320633 91.130219 -71.724976 -31.095272 
77.190292 -60.782799 -26.351728 91.130219 -71.724976 -31.095272 
77.281425 -60.854523 -26.382824 91.130219 -71.724976 -31.095272 
77.372559 -60.926247 -26.413919 91.130219 -71.724976 -31.095272 
77.463692 -60.997971 -26.445015 91.130219 -71.724976 -31.095272 
77.554825 -61.069695 -26.476110 91.130219 -71.724976 -31.095272 
77.645958 -61.141418 -26.507206 91.130219 -71.724976 -31.095272 
77.737091 -61.213142 -26.538301 91.130219 -71.724976 -31.095272 
77.828224 -61.284866 -26.569397 91.130219 -71.724976 -31.095272 
77.919357 -61.356590 -26.600492 91.130219 -71.724976 -31.095272 
78.010490 -61.428314 -26.631588 91.130219 -71.724976 -31.095272 
78.101624 -61.500038 -26.662683 91.130219 -71.724976 -31.095272 
78.192757 -61.571762 -26.693779 91.130219 -71.724976 -31.095272 
78.283890 -61.643486 -26.724874 91.130219 -71.724976 -31.095272 
78.375023 -61.715210 -26.755970 91.130219 -71.724976 -31.095272 
78.466156 -61.786934 -26.787066 91.130219 -71.724976 -31.095272 
78.557289 -61.858658 -26.818161 91.130219 -71.724976 -31.095272 
78.648422 -61.930382 -26.849257 91.130219 -71.724976 -31.095272 
78.739555 -62.002106 -26.880352 91.130219 -71.724976 -31.095272 
78.830688 -62.073830 -26.911448 91.130219 -71.724976 -31.095272 
78.921822 -62.145554 -26.942543 91.130219 -71.724976 -31.095272 
79.012955 -62.217278 -26.973639 91.130219 -71.724976 -31.095272 
79.104088 -62.289001 -27.004734 91.130219 -71.724976 -31.095272 
79.195221 -62.360725 -27.035830 91.130219 -71.724976 -31.095272 
79.286354 -62.432449 -27.066925 91.130219 -71.724976 -31.095272 
79.377487 -62.504173 -27.098021 91.130219 -71.724976 -31.095272 
79.468620 -62.575897 -27.129116 91.130219 -71.724976 -31.095272 
79.559753 -62.647621 -27.160212 91.130219 -71.724976 -31.095272 
79.650887 -62.719345 -27.191307 91.130219 -71.724976 -31.095272 
79.742020 -62.791069 -27.222403 91.130219 -71.724976 -31.095272 
79.833153 -62.862793 -27.253498 91.130219 -71.724976 -31.095272 
79.924286 -62.934517 -27.284594 91.130219 -71.724976 -31.095272 
80.015419 -63.006241 -27.315689 91.130219 -71.724976 -31.095272 
80.106552 -63.077965 -27.346785 91.130219 -71.724976 -31.095272 
80.197685 -63.149689 -27.377880 91.130219 -71.724976 -31.095272 
80.288818 -63.221413 -27.408976 91.130219 -71.724976 -31.095272 
80.379951 -63.293137 -27.440071 91.130219 -71.724976 -31.095272 
80.471085 -63.364861 -27.471167 91.130219 -71.724976 -31.095272 
80.562218 -63.436584 -27.502262 91.130219 -71.724976 -31.095272 
80.653351 -63.508308 -27.533358 91.130219 -71.724976 -31.095272 
80.744484 -63.580032 -27.564453 91.130219 -71.724976 -31.095272 
80.835617 -63.651756 -27.595549 91.130219 -71.724976 -31.095272 
80.926750 -63.723480 -27.626644 91.130219 -71.724976 -31.095272 
81.017883 -63.795204 -27.657740 91.130219 -71.724976 -31.095272 
81.109016 -63.866928 -27.688835 91.130219 -71.724976 -31.095272 
81.200150 -63.938652 -27.719931 91.130219 -71.724976 -31.095272 
81.291283 -64.010376 -27.751026 91.130219 -71.724976 -31.095272 
81.382416 -64.082100 -27.782122 91.130219 -71.724976 -31.095272 
81.473549 -64.153824 -27.813217 91.130219 -71.724976 -31.095272 
81.564682 -64.225548 -27.844313 91.130219 -71.724976 -31.095272 
81.655815 -64.297272 -27.875408 91.130219 -71.724976 -31.095272 
81.746948 -64.368996 -27.906504 91.130219 -71.724976 -31.095272 
81.838081 -64.440720 -27.937599 91.130219 -71.724976 -31.095272 
81.929214 -64.512444 -27.968695 91.130219 -71.724976 -31.095272 
82.020348 -64.584167 -27.999790 91.130219 -71.724976 -31.095272 
82.111481 -64.655891 -28.030886 91.130219 -71.724976 -31.095272 
