10.000000 10.000000 10.000000 10.000000 10.000000 10.000000 10.000000 10.000000 10.000000 10.000000 
10.000000 9.808805 9.660356 9.567215 9.534607 9.560221 9.634962 9.744602 9.872076 10.000000 
10.000000 9.660355 9.397105 9.232390 9.175196 9.221134 9.353880 9.548145 9.773746 10.000000 
10.000000 9.567215 9.232390 9.023479 8.951547 9.010645 9.179756 9.426644 9.713005 10.000000 
10.000000 9.534607 9.175197 8.951547 8.875166 8.939289 9.121099 9.385921 9.692722 10.000000 
10.000000 9.560221 9.221134 9.010645 8.939289 9.000365 9.172131 9.421808 9.710764 10.000000 
10.000000 9.634962 9.353880 9.179756 9.121099 9.172131 9.314674 9.521521 9.760700 10.000000 
10.000000 9.744602 9.548145 9.426644 9.385921 9.421808 9.521520 9.666018 9.832994 10.000000 
10.000000 9.872076 9.773746 9.713004 9.692722 9.710764 9.760699 9.832994 9.916496 10.000000 
10.000000 10.000000 10.000000 10.000000 10.000000 10.000000 10.000000 10.000000 10.000000 10.000000 
